# Build and Release Folders
bin-debug/
bin-release/
[Oo]bj/
[Bb]in/

# Other files and folders
.settings/

# Executables
*.swf
*.air
*.ipa
*.apk

# Project files, i.e. `.project`, `.actionScriptProperties` and `.flexProperties`
# should NOT be excluded as they contain compiler settings and other important
# information for Eclipse / Flash Builder.


35 160 66 117 105 108 100 160 97 110 100 160 82 101 108 101 97 115 101 160 70 111 108 100 101 114 115 32 10 32 98 105 110 45 100 101 98 117 103 47 32 10 32 98 105 110 45 114 101 108 101 97 115 101 47 32 10 32 91 79 111 93 98 106 47 32 10 32 91 66 98 93 105 110 47 32 10 32 32 10 32 35 160 79 116 104 101 114 160 102 105 108 101 115 160 97 110 100 160 102 111 108 100 101 114 115 32 10 32 46 115 101 116 116 105 110 103 115 47 32 10 32 32 10 32 35 160 69 120 101 99 117 116 97 98 108 101 115 32 10 32 42 46 115 119 102 32 10 32 42 46 97 105 114 32 10 32 42 46 105 112 97 32 10 32 42 46 97 112 107 32 10 32 32 10 32 35 160 80 114 111 106 101 99 116 160 102 105 108 101 115 44 160 105 46 101 46 160 96 46 112 114 111 106 101 99 116 96 44 160 96 46 97 99 116 105 111 110 83 99 114 105 112 116 80 114 111 112 101 114 116 105 101 115 96 160 97 110 100 160 96 46 102 108 101 120 80 114 111 112 101 114 116 105 101 115 96 32 10 32 35 160 115 104 111 117 108 100 160 78 79 84 160 98 101 160 101 120 99 108 117 100 101 100 160 97 115 160 116 104 101 121 160 99 111 110 116 97 105 110 160 99 111 109 112 105 108 101 114 160 115 101 116 116 105 110 103 115 160 97 110 100 160 111 116 104 101 114 160 105 109 112 111 114 116 97 110 116 32 10 32 35 160 105 110 102 111 114 109 97 116 105 111 110 160 102 111 114 160 69 99 108 105 112 115 101 160 47 160 70 108 97 115 104 160 66 117 105 108 100 101 114 46